+13192937889
+16416088011
+13518089103
+12099089986
+15413546378
+19547123023
+14583077012
+13024428708
+15088865810
+19565048102
+14256237110
+14016406414
+16367861199
+18575819219
+15186554255
+12402661216
+12175717012
+16676173846
+12298709019
+16192674185
+16603955125
+12525409828
+14013243820
+16297362217
+17727731944
+14753785982
+15416587905
+15706687198
+12764255089
+12253146636
+12525838461
+16602426132
+18569357908
+16166308696
+15103273715
+12295979669
+12602674823
+19157097689
+15057573360
+18434844096
+19855784894
+13373382772
+17276922487
+13159279779
+14426249700
+14125184894
+13099137763
+12087029769
+19042389889
+16205372946
+15626016856
+19253846240
+17627949355
+12398862168
+17012958886
+15037795333
+18786894239
+17739307137
+19189773609
+13805599382
+18542198099
+13089915081
+16816762343
+13147489507
+16462774157
+19092709468
+18782683547
+12707264996
+13156372864
+14195701849
+18179382017
+16784419400
+19345119972
+17738775542
+13105266303
+13023346086
+19183934828
+16812232557
+12724077491
+14633168857
+15868647707
+16163748458
+16362157578
+17037695838
+15592423295
+13019565102
+16504345803
+12818047660
+12696066519
+15095869089
+17272145408
+14358636843
+18029273483
+15802608038
+19719993477
+12157809128
+14134452247
+14709404317
+18049973142
+17169682481
+13092428430
+12199994494
+14757519146
+17204979457
+12609755326
+14408663192
+18646717919
+12567051126
+14358657083
+16829853578
+17626485360
+12527984466
+13867513559
+12525976806
+14303807986
+13104169789
+18136054608
+17072802501
+14068895859
+15592363287
+15084298707
+12529313762
+17634462474
+16312275181
+19528719982
+13207916713
+16464705569
+12342646704
+18156128271
+16807424939
+17709997130
+18567775974
+19516475057
+16237491732
+12344059318
+16265756486
+17073111330
+17866379140
+19542005779
+17702343979
+19518445734
+15096358230
+18282739707
+12693056023
+19843029876
+12158422248
+14106175840
+14408215427
+19804281337
+16154485278
+19403583602
+19379775928
+12086064122
+19082824140
+15753884096
+19852425887
+17817362726
+17204804020
+15733783977
+13369324488
+19415625451
+17198193099
+17322302583
+13058443235
+12037414432
+17634339551
+19093279474
+19196964253
+12203994260
+15734559055
+18573053267
+12056331417
+19892289196
+12193857661
+16299047330
+12164947686
+18454027348
+13219104065
+12056676260
+14192209323
+18505215505
+14347698696
+17739937682
+17025248907
+15393894416
+18599603732
+17814407801
+15417457043
+19722537069
+15514821604
+16127765835
+15188875002
+19493392377
+13306434495
+16164258395
+12082966146
+15868848676
+13088468918
+12286564230
+19085992946
+12133305431
+16196019302
+12489589123
+15208506850
+14428816361
+18014625166
+13177511303
+13154466717
+18476902707
+19523157809
+16508486398
+12066444618
+13035156522
+12255812444
+16098912900
+16097109375
+15712511946
+15038173666
+14154949307
+13167876382
+14177843016
+16266102230
+16015785406
+18125022489
+15408282876
+14847091937
+14305546599
+13204694814
+19595849748
+19724435397
+17084795537
+15168881118
+17324082505
+16109525333
+19475798222
+13346232207
+16519991471
+17062539936
+12729224794
+13466435476
+18049396391
+15756891971
+13518778241
+17247444386
+14847113096
+13522142102
+15055682104
+13328797024
+12289905852
+19796229430
+12567715085
+12483688256
+12017127752
+18653511100
+12528624076
+19526524684
+15399992447
+18702031975
+19184377054
+13105316809
+18019705494
+17542781428
+13203233303
+15639101231
+18188993391
+15515753948
+12488842191
+17074258782
+12344331100
+12096981328
+13349784356
+19413922024
+15674931439
+17078217342
+12672467923
+17813776843
+18173865557
+16826302241
+17574272854
+15743938410
+14759361221
+17602623663
+14346333598
+12152361021
+13613329829
+19792304348
+15679462600
+16057067626
+12055928120
+12167599658
+18576103096
+19388339756
+13644287239
+16617029734
+15738564613
+15855599241
+19043769572
+14638036577
+18015882147
+15023773196
+16079646800
+13102027982
+12403839186
+19092855486
+15097763485
+17636128257
+14429926586
+18588333671
+14258365266
+13368196084
+19843122150
+14258727545
+12342252233
+15026507208
+18174569914
+13132693558
+12813819129
+16676636440
+19172148623
+12054882364
+15732705653
+14122935924
+14422071946
+14847442219
+15176791966
+17407376433
+19313238561
+13085802168
+16167722755
+19736919227
+14059445177
+14133711636
+12318105215
+17176321718
+15072411890
+15019606444
+19728197603
+12515388131
+19712569130
+17194306745
+12703991383
+18478485780
+16153477030
+13034379914
+12626092641
+13218853277
+15206846028
+17124247948
+18642178161
+16812445644
+15072389413
+14355452686
+15176395118
+15023355520
+14143248333
+17194075558
+17749628272
+12606188990
+18636785113
+14805425276
+16187329803
+18788554887
+16235223361
+16267746959
+19096089386
+15395678668
+14847963836
+18583865239
+19858046759
+16506783054
+16695925902
+13305325652
+15138787565
+14139066120
+17576798973
+18143008987
+19543699806
+17187945167
+13255031822
+15743318794
+13369071040
+15054593076
+17348623376
+12767739309
+17637843467
+14435835398
+12627463997
+17626817388
+19348761731
+13238935630
+17627146591
+18168021195
+16282438511
+12148815103
+17546421702
+16317081684
+15624929315
+19092932726
+12819137154
+14347013164
+12815131461
+19086349058
+12076815700
+19733459170
+17039025807
+18105896860
+19523463024
+14018632737
+12103562503
+18633635579
+16789192933
+19198999250
+14129337448
+13198104173
+13379339830
+16466397166
+15418119795
+19036108721
+19403947151
+12175598930
+13176568878
+15315361641
+19413056938
+16203562865
+18706958421
+12245872132
+16178841327
+19305255361
+19596874387
+14066129879
+17279827045
+16068336090
+19174673927
+13012436373
+16578338318
+12035455058
+14198073589
+15864463822
+12535157870
+12122416653
+13142967004
+17024269002
+12764778182
+12512171905
+12156434778
+18156493121
+18137781100
+18488961661
+14049891362
+18153853199
+15736135731
+12768659155
+17026653647
+19163637527
+12089446472
+12068577133
+18454057593
+12693076834
+18062222059
+19045893699
+13602052692
+13159402540
+13099583191
+19102411721
+17252379221
+19342552804
+15098354943
+14783386634
+16185581751
+17698716448
+17708444139
+17189344746
+19032568688
+19034091146
+15748721070
+14353286032
+13193456539
+13256178803
+15743916814
+16676437543
+13157233546
+18145721304
+13034153808
+19725378475
+19363771344
+14019143513
+16265443031
+13394311340
+14072697163
+12092526618
+17034375732
+15632382705
+14088446396
+15088337037
+18134167597
+13372806204
+18648969526
+19198087649
+19202337102
+12318905678
+13616648494
+19078689395
+18636799266
+19739709838
+19374698555
+19258632975
+15342564246
+17344982471
+15627867336
+18656705851
+16095298602
+19854233095
+16694184239
+12513208124
+15027551057
+13188879935
+16823861816
+13036313691
+17327222871
+12528786709
+17253399053
+17154645441
+18547847587
+13128601504
+18628427884
+13189635093
+19034689042
+15019385261
+15134177672
+14328214644
+19733689259
+19283246703
+12014736536
+18632318944
+12077499972
+12525468726
+14795498042
+12149738497
+16088367936
+16195199158
+13038841754
+16017004142
+16806376116
+13866741798
+17046651167
+15347151804
+19144007573
+18545013012
+14635461677
+14125487728
+16074267628
+17273581033
+19717421581
+13134239834
+19729958320
+12518105676
+16127174170
+18086237262
+15313672818
+14356467710
+16815046410
+16128743912
+18547771531
+18645026500
+12523384490
+18157032686
+13146844564
+18147598101
+15016695370
+13153635316
+18583857195
+15739109385
+18704179763
+13375135546
+12544837859
+14196316957
+17144021344
+15208406521
+19185777527
+14043402208
+17039867551
+18304035954
+18185741341
+13083598219
+16164036533
+15027366074
+13524403903
+19843234851
+17154521008
+17434591816
+17255049874
+17272538789
+13399573622
+18282807925
+17348026860
+18566238742
+12727583458
+17653152865
+16788041153
+12018682250
+18543212262
+19704822522
+15519819475
+18027933824
+19309411354
+17163476043
+13178742742
+17084045146
+19108335974
+17279448650
+15712446091
+14792474660
+16614906410
+13175164115
+18177717217
+16154792904
+19094569736
+18453096220
+16063387019
+12532176063
+14095757747
+15392736209
+17638678982
+17854361467
+18587005857
+18637121912
+14137575495
+12396215441
+19898047628
+16026465464
+13643708327
+18127313893
+19893407335
+17128812322
+14846493597
+16784491580
+19737966265
+19147356371
+16076073318
+15049467555
+18482978686
+12013283970
+14175724869
+14068361535
+17242736903
+19894621926
+12136192980
+14709549359
+19108136199
+19302354944
+17623695576
+13807167589
+19282297494
+13362806090
+18484567726
+17796178575
+12699224982
+13173162285
+19809442552
+16465292369
+15402396253
+16626982204
+17246048025
+13343607999
+12072927983
+18154139228
+18317325724
+15319018574
+13235518073
+18328864143
+14349407204
+17695963814
+12249024622
+15612079687
+12242568048
+17063891298
+15672332210
+12156954180
+17188954897
+15674553650
+16519853996
+19122873229
+12816802331
+18789127720
+13613557381
+12398939217
+19123974126
+16107262508
+13478461347
+16515218182
+15183484569
+19893433104
+17709761055
+13316655598
+17694905464
+19493469305
+14587059536
+15643133260
+19516387321
+12163717454
+16092115227
+16146639859
+12188537137
+19794843529
+17082934235
+13213734474
+13517994462
+15092452190
+16785982059
+12176904937
+18022371122
+18047986432
+13473811139
+16297189325
+19717011944
+15175648040
+17136783377
+14407247494
+19073421353
+19802923594
+18129286546
+15612453214
+13258032015
+13199242235
+18582544803
+12035061804
+16814615406
+14102248602
+15057087531
+14636554752
+12098587962
+17042449923
+18044624988
+18303904479
+19547691559
+18312317550
+14015595418
+18102208116
+14084766933
+13052961249
+13178452008
+18647037127
+16789129286
+19383551399
+18054228010
+19349888180
+19847553299
+15402249744
+16025333603
+18579366116
+13125519191
+19563385099
+16184623521
+16105117512
+13323921587
+17475216438
+19015041672
+12055297963
+13099308947
+12143419203
+17077815547
+14347835212
+18064215791
+18057734386
+14637459339
+17728302764
+19259882276
+13259435803
+12405941696
+12282923263
+19173773456
+12606566714
+19302254383
+12032347466
+19853918062
+13235538244
+15078648371
+13082869297
+15705823297
+15086329470
+16142069096
+12063924185
+14409981981
+17159562385
+14017543156
+12546289767
+15512448837
+15022872797
+15184104134
+16089959389
+14154063690
+13087267978
+12528475363
+15628287339
+17145541442
+14059244580
+14106032128
+18018407298
+16673026190
+13184642497
+16823311220
+19206618937
+13109196852
+13324898896
+17326965713
+14408466241
+17185502474
+13234407409
+13163715535
+17085844196
+14705119395
+13122955057
+19494796352
+14067217434
+13128073605
+19796376283
+17638663203
+19044434932
+18177338181
+12085916741
+12485939038
+14247758339
+18592734390
+17274265096
+14195378744
+13464053145
+15416603801
+19843541352
+19137088916
+15095425610
+15738774777
+15108925063
+13863595455
+14329671462
+14636458348
+12057616921
+19726722137
+18325788237
+12033246503
+15349545811
+19203799535
+19092816297
+17088808743
+12724916116
+14326703736
+16039961363
+14097311167
+16162531827
+15745997513
+12166088700
+18145095326
+12818976233
+17165683036
+19299206198
+15734454476
+17542007736
+13346836438
+17692718343
+13172128302
+14349047070
+19802693772
+19386515212
+12109978272
+18177784251
+16823784001
+18563466099
+12344359183
+17073655258
+17652945341
+19309545047
+13467518197
+14305315738
+15073669138
+13195692845
+18597656147
+19075841052
+17084501777
+15096075945
+17084185401
+18455581226
+14158299426
+12052803940
+16238601769
+19099116611
+14013918541
+19715027262
+17012093928
+17472574640
+14042595888
+14066967130
+17249575615
+14806143591
+14584026525
+18572467901
+13092808861
+19479202550
+18086559207
+14176586966
+14077725222
