6030000000
6030000001
6030000002
6030000003
6030000004
6030000005
6030000006
6030000007
6030000008
6030000009
6030000010
6030000011
6030000012
6030000013
6030000014
6030000015
6030000016
6030000017
6030000018
6030000019
6030000020
6030000021
6030000022
6030000023
6030000024
6030000025
6030000026
6030000027
6030000028
6030000029
6030000030
6030000031
6030000032
6030000033
6030000034
6030000035
6030000036
6030000037
6030000038
6030000039
6030000040
6030000041
6030000042
6030000043
6030000044
6030000045
6030000046
6030000047
6030000048
6030000049
6030000050
6030000051
6030000052
6030000053
6030000054
6030000055
6030000056
6030000057
6030000058
6030000059
6030000060
6030000061
6030000062
6030000063
6030000064
6030000065
6030000066
6030000067
6030000068
6030000069
6030000070
6030000071
6030000072
6030000073
6030000074
6030000075
6030000076
6030000077
6030000078
6030000079
6030000080
6030000081
6030000082
6030000083
6030000084
6030000085
6030000086
6030000087
6030000088
6030000089
6030000090
6030000091
6030000092
6030000093
6030000094
6030000095
6030000096
6030000097
6030000098
6030000099